image: bills-dining-room.pgm
# a 4000 X 4000 map @ 0.050 m/cell
resolution: 0.050000
origin: [128.000000, -64.500000, 1.90000]
negate: 0
occupied_thresh: 0.65
free_thresh: 0.196

